0 10 182
0 10 182
0 10 182
0 10 181
0 10 182
0 10 182
0 10 182
0 10 182
0 10 181
0 10 182
0 10 182
0 10 182
0 10 182
0 10 182
0 10 181
0 10 181
0 10 181
0 10 181
0 10 181
0 10 181
0 10 181
0 10 181
0 10 181
0 10 181
0 10 181
0 10 181
0 10 181
0 10 181
0 10 181
0 10 181
0 10 181
0 10 181
0 10 181
0 10 181
0 10 181
0 10 181
0 10 181
0 10 181
0 10 181
0 10 180
0 10 181
0 10 180
0 10 181
0 10 180
0 10 180
0 10 180
0 10 180
0 10 180
0 10 180
0 10 180
0 10 180
0 10 180
0 10 181
0 10 180
0 10 181
0 10 180
0 10 181
0 10 180
0 10 181
0 10 180
0 10 180
0 10 180
0 10 180
0 10 180
0 10 180
0 10 180
0 10 180
0 10 180
0 10 180
0 10 180
0 10 180
0 10 180
0 10 180
0 10 180
0 10 180
0 10 180
0 10 180
0 10 180
0 10 180
0 10 180
0 10 180
0 10 180
0 10 180
0 10 180
0 10 180
0 10 180
0 10 180
0 10 180
0 10 180
0 10 180
0 10 179
0 10 179
0 10 179
0 10 179
0 10 180
0 10 180
0 10 180
0 10 179
0 10 180
0 10 180
0 10 180
0 10 180
0 10 180
0 10 180
0 10 180
0 10 180
0 10 180
0 10 180
0 10 180
0 10 180
0 10 180
0 10 179
0 10 180
0 10 179
0 10 179
0 10 179
0 10 179
0 10 180
0 10 179
0 10 180
0 10 179
0 10 179
0 10 179
0 10 179
0 10 179
0 10 180
0 10 180
0 10 179
0 10 180
0 10 180
0 10 180
0 10 179
0 10 179
0 10 179
0 10 179
0 10 179
0 10 179
0 10 179
0 10 179
0 10 179
0 10 179
0 10 179
0 10 179
0 10 179
0 10 179
0 10 179
0 10 180
0 10 179
0 10 180
0 10 179
0 10 180
0 10 179
0 10 179
0 10 179
0 10 179
0 10 179
0 10 179
0 10 179
0 10 178
0 10 179
0 10 179
0 10 178
0 10 179
0 10 178
0 10 179
0 10 179
0 10 179
0 10 179
0 10 179
0 10 179
0 10 180
0 10 179
0 10 179
0 10 179
0 10 179
0 10 179
0 10 179
0 10 179
0 10 179
0 10 179
0 10 179
0 10 178
0 10 179
0 10 178
0 10 179
0 10 179
0 10 179
0 10 179
0 10 179
0 10 179
0 10 179
0 10 179
0 10 179
0 10 179
0 10 179
0 10 179
0 10 179
0 10 179
0 10 180
0 10 179
0 10 179
0 10 179
0 10 179
0 10 179
0 10 178
0 10 179
0 10 179
0 10 179
0 10 179
0 10 178
0 10 179
0 10 179
0 10 179
0 10 179
0 10 179
0 10 179
0 10 179
0 10 180
0 10 179
0 10 179
0 10 180
0 10 179
0 10 179
0 10 179
0 10 180
0 10 179
0 10 179
0 10 179
0 10 179
0 10 179
0 10 178
0 10 179
0 10 180
0 10 179
0 10 180
0 10 179
0 10 179
0 10 179
0 10 179
0 10 180
0 10 179
0 10 179
0 10 179
0 10 179
0 10 179
0 10 179
0 10 180
0 10 179
0 10 179
0 10 179
0 10 179
0 10 179
0 10 179
0 10 179
0 10 179
0 10 179
0 10 180
0 10 179
0 10 179
0 10 180
0 10 179
0 10 180
0 10 179
0 10 180
0 10 180
0 10 179
0 10 180
0 10 180
0 10 179
0 10 179
0 10 179
0 10 179
0 10 180
0 10 179
0 10 180
0 10 179
0 10 179
0 10 179
0 10 179
0 10 180
0 10 180
0 10 179
0 10 179
0 10 179
0 10 180
0 10 180
0 10 180
0 10 180
0 10 180
0 10 180
0 10 180
0 10 180
0 10 180
0 10 180
0 10 180
0 10 180
0 10 179
0 10 180
0 10 180
0 10 180
0 10 180
0 10 180
0 10 180
0 10 180
0 10 180
0 10 180
0 10 180
0 10 180
0 10 180
0 10 180
0 10 180
0 10 180
0 10 180
0 10 180
0 10 180
0 10 180
0 10 180
0 10 180
0 10 180
0 10 180
0 10 180
0 10 180
0 10 181
0 10 180
0 10 180
0 10 181
0 10 181
0 10 181
0 10 180
0 10 181
0 10 181
0 10 181
0 10 181
0 10 181
0 10 181
0 10 181
0 10 181
0 10 181
0 10 181
0 10 181
0 10 181
0 10 181
0 10 181
0 10 181
0 10 180
0 10 181
0 10 181
0 10 181
0 10 180
0 10 181
0 10 181
0 10 181
0 10 181
0 10 182
0 10 182
0 10 182
0 10 181
0 10 181
0 10 182
0 10 182
0 10 182
0 10 182
0 10 182
0 10 182
0 10 182
0 10 182
0 10 182
0 10 181
0 10 182
0 10 182
0 10 182
0 10 182
0 10 182
0 10 182
0 10 182
0 10 182
0 10 182
0 10 182
0 10 182
0 10 182
0 10 183
0 10 182
0 10 182
0 10 183
0 10 182
0 10 182
0 10 182
0 10 182
0 10 182
0 10 182
0 10 182
0 10 182
0 10 182
0 10 182
0 10 182
0 10 182
0 10 182
0 10 182
0 10 182
0 10 182
0 10 183
0 10 182
0 10 183
0 10 183
0 10 182
0 10 182
0 10 183
0 10 183
0 10 183
0 10 182
0 10 183
0 10 183
0 10 183
0 10 183
0 10 183
0 10 183
0 10 183
0 10 183
0 10 183
0 10 183
0 10 183
0 10 183
0 10 183
0 10 183
0 10 184
0 10 183
0 10 184
0 10 183
0 10 184
0 10 183
0 10 183
0 10 183
0 10 183
0 10 183
0 10 183
0 10 183
0 10 184
0 10 183
0 10 183
0 10 184
0 10 183
0 10 183
0 10 184
0 10 183
0 10 184
0 10 183
0 10 183
0 10 183
0 10 184
0 10 184
0 10 184
0 10 184
0 10 184
0 10 184
0 10 184
0 10 184
0 10 184
0 10 184
0 10 184
0 10 184
0 10 184
0 10 184
0 10 184
0 10 184
0 10 184
0 10 184
0 10 184
0 10 184
0 10 185
0 10 184
0 10 184
0 10 185
0 10 184
0 10 185
0 10 185
0 10 185
0 10 185
0 10 185
0 10 185
0 10 185
0 10 185
0 10 184
0 10 184
0 10 185
0 10 185
0 10 184
0 10 185
0 10 185
0 10 185
0 10 185
0 10 185
0 10 186
0 10 185
0 10 185
0 10 186
0 10 185
0 10 185
0 10 185
0 10 185
0 10 185
0 10 186
0 10 186
0 10 186
0 10 186
0 10 185
0 10 186
0 10 186
0 10 186
0 10 186
0 10 186
0 10 186
0 10 186
0 10 186
0 10 186
0 10 186
0 10 186
0 10 186
0 10 187
0 10 186
0 10 186
0 10 187
0 10 186
0 10 187
0 10 187
0 10 186
0 10 186
0 10 187
0 10 187
0 10 186
0 10 186
0 10 186
0 10 186
0 10 186
0 10 187
0 10 187
0 10 186
0 10 186
0 9 187
0 9 187
0 9 187
0 9 187
0 9 188
0 9 188
0 9 188
0 9 188
0 9 187
0 9 188
0 9 188
0 9 188
0 9 188
0 9 187
0 9 187
0 9 188
0 9 187
0 9 188
0 9 188
0 9 188
0 9 187
0 9 188
0 9 188
0 9 188
0 9 188
0 9 188
0 9 188
0 9 188
0 9 188
0 9 188
0 9 189
0 9 188
0 9 188
0 9 189
0 9 188
0 9 188
0 9 188
0 9 188
0 9 189
0 9 188
0 9 188
0 9 188
0 9 188
0 9 189
0 9 188
0 9 188
0 9 189
0 9 189
0 9 189
0 9 189
0 9 188
0 9 189
0 9 189
0 9 189
0 9 190
0 9 189
0 9 189
0 9 189
0 9 189
0 9 189
0 9 190
0 9 189
0 9 189
0 9 190
0 9 189
0 9 189
0 9 189
0 9 190
0 9 190
0 9 189
0 9 189
0 9 190
0 9 190
0 9 190
0 9 190
0 9 190
0 9 190
0 9 190
0 9 190
0 9 191
0 9 190
0 9 190
0 9 191
0 9 190
0 9 190
0 9 190
0 9 190
0 9 190
0 9 190
0 9 190
0 9 190
0 9 190
0 9 190
0 9 190
0 9 190
0 9 191
0 9 191
0 9 191
0 9 191
0 9 191
0 9 191
0 9 191
0 9 191
0 9 191
0 9 191
0 9 191
0 9 191
0 9 191
0 9 191
0 9 192
0 9 191
0 9 191
0 8 192
0 8 191
0 8 191
0 8 192
0 8 192
0 8 192
0 8 192
0 8 192
0 8 192
0 8 192
0 8 192
0 8 192
0 8 192
0 8 192
0 8 192
0 8 192
0 8 192
0 8 192
0 8 192
0 8 192
0 8 192
0 8 192
0 8 192
0 8 192
0 8 192
0 8 192
0 8 192
0 8 192
0 7 193
0 7 192
0 7 192
0 7 193
0 7 192
0 7 193
0 7 193
0 7 193
0 7 193
0 7 193
0 7 193
0 7 193
0 7 193
0 7 194
0 7 193
0 7 193
0 7 193
0 7 193
0 7 193
0 7 193
0 7 193
0 7 193
0 7 193
0 7 194
0 7 193
0 7 193
0 7 194
0 7 194
0 6 194
0 6 194
0 6 194
0 6 194
0 6 194
0 6 194
0 6 194
0 6 194
0 6 195
0 6 195
0 6 195
0 6 194
0 6 194
0 6 195
0 6 194
0 6 194
0 6 194
0 6 194
0 6 195
0 6 194
0 6 195
0 6 195
0 6 195
0 6 195
0 6 194
0 6 195
0 6 195
0 6 195
0 5 195
0 5 195
0 5 195
0 5 196
0 5 195
0 5 195
0 5 195
0 5 195
0 5 196
0 5 195
0 5 195
0 5 195
0 5 196
0 5 195
0 5 195
0 5 196
0 5 196
0 5 196
0 5 196
0 5 196
0 5 196
0 5 196
0 5 196
0 5 196
0 5 196
0 5 196
0 5 196
0 5 196
0 5 196
0 4 197
0 4 196
0 4 196
0 4 196
0 4 196
0 4 196
0 4 196
0 4 196
0 4 196
0 4 196
0 4 196
0 4 196
0 4 196
0 4 197
0 4 197
0 4 197
0 4 197
0 4 197
0 4 197
0 4 197
0 4 197
0 4 197
0 4 198
0 4 197
0 4 197
0 4 198
0 4 197
0 4 198
0 4 198
0 3 198
0 3 198
0 3 197
0 3 198
0 3 198
0 3 197
0 3 198
0 3 198
0 3 198
0 3 198
0 3 198
0 3 198
0 3 198
0 3 198
0 3 198
0 3 198
0 3 199
0 3 198
0 3 198
0 3 198
0 3 198
0 3 199
0 3 198
0 3 198
0 3 198
0 3 198
0 3 199
0 3 198
0 3 198
0 2 199
0 2 199
0 2 199
0 2 199
0 2 199
0 2 199
0 2 199
0 2 199
0 2 199
0 2 199
0 2 199
0 2 200
0 2 199
0 2 199
0 2 199
0 2 199
0 2 200
0 2 199
0 2 199
0 2 199
0 2 199
0 2 199
0 2 199
0 2 200
0 2 199
0 2 199
0 2 200
0 2 200
0 2 200
0 3 200
0 3 200
0 3 200
0 3 200
0 3 200
0 3 200
0 3 200
0 3 200
0 3 201
0 3 200
0 3 200
0 3 200
0 3 200
0 3 200
0 3 200
0 3 201
0 3 200
0 3 200
0 3 200
0 3 200
0 3 200
0 3 200
0 3 201
0 3 200
0 3 201
0 3 201
0 3 201
0 3 201
0 3 201
0 1 201
0 1 201
0 1 201
0 1 201
0 1 201
0 1 201
0 1 201
0 1 201
0 1 202
0 1 201
0 1 201
0 1 201
0 1 201
0 1 201
0 1 201
0 1 201
0 1 201
0 1 201
0 1 201
0 1 201
5 5 202
5 5 201
5 5 202
5 5 202
5 5 201
5 5 202
5 5 202
5 5 202
5 5 202
5 5 202
5 5 202
5 5 202
5 5 202
5 5 202
5 5 202
5 5 202
5 5 202
5 5 202
5 5 202
5 5 202
5 5 202
5 5 202
5 5 202
5 5 202
5 5 202
5 5 202
5 5 202
5 5 202
5 5 202
5 5 202
5 5 202
5 5 202
5 5 202
5 5 202
5 5 203
5 5 202
5 5 202
5 5 203
5 5 202
5 5 202
5 5 202
5 5 202
5 5 202
5 5 202
5 5 202
5 5 202
5 5 202
5 5 202
5 5 202
5 5 202
5 5 202
5 5 202
5 5 202
5 5 202
5 5 202
5 5 202
5 5 202
5 5 202
5 5 201
5 5 202
0 1 201
0 1 201
0 1 202
0 1 201
0 1 201
0 1 201
0 1 201
0 1 201
0 1 201
0 1 200
0 1 201
0 1 200
0 1 201
0 1 200
0 1 200
0 1 201
0 1 200
0 1 201
0 1 200
0 1 200
0 3 200
0 3 200
0 3 200
0 3 200
0 3 200
0 3 200
0 3 200
0 3 200
0 3 200
0 3 200
0 3 200
0 3 200
0 3 199
0 3 199
0 3 200
0 3 200
0 3 199
0 3 200
0 3 199
0 3 200
0 3 200
0 3 199
0 3 200
0 3 199
0 3 199
0 3 200
0 3 199
0 3 199
0 3 199
0 4 199
0 4 199
0 4 199
0 4 199
0 4 199
0 4 199
0 4 199
0 4 199
0 4 200
0 4 199
0 4 199
0 4 199
0 4 199
0 4 199
0 4 199
0 4 199
0 4 199
0 4 200
0 4 199
0 2 199
0 2 199
0 2 200
0 2 199
0 2 199
0 2 199
0 2 199
0 2 199
0 2 199
0 2 199
0 2 199
0 2 199
0 2 199
0 2 199
0 2 199
0 2 199
0 2 199
0 2 199
0 2 199
0 2 199
0 2 199
0 2 199
0 2 199
0 2 199
0 2 199
0 2 199
0 2 199
0 2 200
0 2 199
0 2 199
0 2 200
0 2 199
0 2 199
0 2 199
0 2 199
0 2 199
0 2 200
0 2 199
0 2 199
0 2 199
0 2 199
0 2 200
0 2 199
0 2 199
0 2 200
0 2 199
0 2 199
0 2 199
0 2 199
0 2 200
0 2 199
0 2 199
0 2 200
0 2 199
0 2 199
0 2 200
0 2 199
0 3 200
0 3 200
0 3 200
0 3 199
0 3 200
0 3 200
0 3 200
0 3 200
0 3 200
0 3 199
0 3 200
0 3 200
0 3 200
0 3 200
0 3 200
0 3 200
0 3 200
0 3 200
0 3 200
0 3 200
0 3 200
0 3 200
0 3 200
0 3 200
0 3 200
0 3 200
0 3 200
0 3 200
0 3 200
0 3 200
0 3 200
0 3 200
0 3 200
0 3 200
0 3 200
0 3 200
0 3 200
0 3 200
0 3 200
0 3 200
0 3 200
0 3 200
0 3 200
0 3 201
0 3 200
0 3 200
0 3 201
0 3 200
0 3 200
0 3 201
0 3 200
0 3 200
0 3 201
0 3 200
0 3 200
0 3 200
0 3 201
0 3 201
0 3 200
0 3 201
0 3 201
0 3 201
0 3 201
0 3 201
0 3 201
0 3 201
0 3 201
0 3 201
0 3 201
0 3 201
0 3 201
0 3 201
0 3 201
0 3 201
0 3 201
0 3 201
0 3 201
0 3 201
0 3 201
0 3 201
0 3 201
0 3 201
0 3 201
0 3 201
0 3 201
0 3 202
0 3 201
0 1 201
0 1 201
0 1 201
0 1 201
0 1 202
0 1 201
0 1 201
0 1 202
0 1 201
0 1 201
5 5 202
5 5 201
5 5 201
5 5 202
5 5 202
5 5 202
5 5 202
5 5 201
5 5 201
5 5 202
5 5 202
5 5 202
5 5 202
5 5 201
5 5 202
5 5 202
5 5 201
5 5 202
5 5 202
5 5 201
0 1 201
0 1 201
0 1 202
0 1 202
0 1 202
0 1 201
0 1 201
0 1 202
0 1 201
0 1 201
5 5 202
5 5 201
5 5 201
5 5 202
5 5 201
5 5 201
5 5 202
5 5 201
5 5 201
5 5 201
0 1 201
0 1 201
0 1 201
0 1 201
0 1 201
0 1 201
0 1 201
0 1 201
0 1 201
0 1 201
0 3 200
0 3 200
0 3 201
0 3 201
0 3 201
0 3 200
0 3 200
0 3 201
0 3 200
0 3 200
0 3 200
0 3 200
0 3 200
0 3 200
0 3 200
0 3 200
0 3 200
0 3 200
0 3 200
0 3 200
0 3 200
0 3 200
0 3 200
0 3 200
0 3 199
0 3 200
0 3 200
0 3 200
0 3 200
0 3 200
0 3 199
0 3 199
0 3 200
0 3 199
0 3 199
0 3 200
0 3 199
0 3 199
0 3 200
0 3 200
0 3 199
0 3 200
0 3 200
0 3 199
0 3 199
0 3 199
0 3 199
0 3 199
0 3 200
0 3 199
0 3 199
0 3 199
0 3 199
0 3 199
0 3 199
0 3 199
0 3 199
0 3 199
0 4 199
0 4 199
0 4 199
0 4 199
0 4 199
0 4 199
0 4 199
0 4 199
0 4 199
0 4 199
0 4 199
0 4 199
0 4 199
0 4 199
0 4 199
0 4 199
0 4 199
0 4 199
0 4 199
0 2 199
0 2 199
0 2 199
0 2 199
0 2 199
0 2 199
0 2 199
0 2 199
0 2 199
0 2 199
0 2 199
0 2 199
0 2 199
0 2 199
0 2 199
0 2 199
0 2 199
0 2 199
0 2 199
0 2 199
0 2 198
0 2 199
0 2 199
0 2 199
0 2 199
0 2 199
0 2 199
0 2 199
0 2 199
0 2 199
0 2 199
0 2 199
0 2 199
0 2 199
0 2 199
0 2 199
0 2 199
0 2 199
0 2 199
0 2 199
0 2 199
0 2 199
0 2 199
0 2 199
0 2 199
0 2 199
0 2 199
0 2 199
0 2 199
0 2 199
0 2 199
0 2 199
0 2 199
0 2 199
0 2 199
0 2 199
0 2 199
0 2 199
0 2 199
0 2 199
0 2 199
0 2 199
0 2 199
0 2 199
0 2 200
0 2 199
0 2 199
0 2 199
0 2 199
0 2 199
0 2 199
0 2 199
0 2 199
0 2 199
0 2 199
0 2 199
0 2 199
0 2 199
0 2 199
0 2 199
0 2 199
0 2 199
0 2 199
0 2 200
0 2 199
0 2 199
0 2 199
0 2 199
0 2 199
0 2 199
0 2 200
0 2 199
0 2 199
0 2 199
0 2 199
0 2 199
0 2 199
0 2 199
0 2 199
0 2 199
0 2 199
0 2 199
0 2 199
0 2 199
0 2 199
0 2 199
0 2 199
0 2 199
0 2 199
0 2 199
0 2 200
0 2 199
0 2 199
0 2 199
0 2 199
0 2 199
0 2 199
0 2 199
0 2 199
0 2 199
0 2 199
0 2 199
0 2 199
0 2 199
0 2 199
0 2 199
0 2 199
0 2 199
0 2 199
0 2 199
0 2 199
0 2 200
0 2 199
0 2 199
0 2 199
0 2 199
0 2 199
0 2 200
0 2 199
0 2 199
0 2 199
0 2 199
0 2 199
0 2 199
0 2 199
0 2 199
0 2 199
0 2 199
0 2 199
0 2 199
0 2 199
0 2 199
0 2 199
0 2 199
0 2 199
0 2 199
0 2 199
0 2 200
0 2 199
0 2 199
0 2 199
0 2 200
0 2 200
0 2 199
0 2 199
0 2 199
0 2 199
0 2 199
0 2 199
0 2 199
0 2 199
0 2 199
0 2 199
0 2 199
0 2 199
0 2 199
0 2 199
0 2 199
0 2 199
0 2 199
0 2 199
0 2 199
0 2 199
0 2 199
0 2 199
0 2 199
0 2 199
0 2 199
0 2 199
0 2 199
0 2 199
0 2 199
0 2 199
0 2 199
0 2 199
0 2 199
0 2 199
0 2 199
0 2 199
0 2 199
0 2 199
0 2 199
0 2 199
0 2 200
0 2 199
0 2 199
0 2 199
0 2 199
0 2 199
0 2 199
0 2 199
0 2 199
0 2 199
0 2 199
0 2 199
0 2 199
0 2 199
0 2 199
0 2 199
0 2 199
0 2 199
0 2 199
0 2 199
0 2 199
0 2 199
0 2 199
0 2 199
0 2 199
0 2 199
0 2 199
0 2 199
0 2 199
0 2 199
0 2 199
0 2 199
0 2 199
0 2 199
0 2 199
0 2 198
0 2 198
0 2 198
0 2 198
0 2 199
0 2 199
0 2 199
0 2 199
0 2 199
0 2 199
0 2 199
0 2 199
0 2 199
0 2 199
0 2 199
0 2 199
0 2 199
0 2 199
0 2 199
0 2 199
0 2 199
0 2 199
0 2 198
0 2 198
0 2 199
0 2 199
0 2 199
0 2 198
0 2 199
0 2 198
0 2 199
0 2 199
0 2 198
0 2 199
0 2 199
0 2 198
0 2 199
0 2 199
0 2 199
0 2 199
0 2 199
0 2 199
0 2 199
0 2 199
0 2 199
0 2 198
0 2 198
0 5 198
0 5 198
0 5 199
0 5 198
0 5 198
0 5 198
0 5 198
0 5 198
0 5 199
0 5 199
0 5 199
0 5 198
0 5 198
0 5 198
0 5 198
0 5 199
0 5 199
0 5 198
0 5 198
0 2 199
0 2 199
0 2 198
0 2 199
0 2 198
0 2 198
0 2 198
0 2 198
0 2 198
0 2 198
0 2 198
0 2 198
0 2 198
0 2 198
0 2 198
0 2 198
0 2 198
0 2 198
0 2 198
0 2 198
0 2 198
0 2 199
0 2 199
0 2 198
0 2 198
0 2 198
0 2 198
0 2 198
0 2 198
0 5 198
0 5 198
0 5 198
0 5 198
0 5 198
0 5 198
0 5 198
0 5 198
0 5 198
0 5 198
0 5 198
0 5 198
0 5 198
0 5 198
0 5 198
0 5 198
0 5 198
0 5 198
0 5 198
0 3 198
0 3 198
0 3 198
0 3 198
0 3 198
0 3 198
0 3 198
0 3 198
0 3 198
0 3 198
0 3 198
0 3 198
0 3 198
0 3 198
0 3 198
0 3 198
0 3 198
0 3 198
0 3 198
0 3 198
0 3 198
0 3 198
0 3 198
0 3 198
0 3 198
0 3 198
0 3 198
0 3 198
0 3 198
0 3 197
0 3 198
0 3 198
0 3 198
0 3 198
0 3 198
0 3 198
0 3 198
0 3 198
0 3 198
0 3 198
0 3 198
0 3 198
0 3 198
0 3 198
0 3 198
0 3 198
0 3 198
0 3 197
0 3 197
0 3 197
0 3 197
0 3 197
0 3 197
0 3 197
0 3 197
0 3 197
0 3 197
0 6 197
0 6 197
0 6 197
0 6 198
0 6 198
0 6 197
0 6 197
0 6 197
0 6 197
0 6 197
0 6 198
0 6 198
0 6 198
0 6 198
0 6 198
0 6 197
0 6 197
0 6 197
0 4 197
0 4 197
0 4 197
0 4 197
0 4 197
0 4 197
0 4 197
0 4 197
0 4 197
0 4 197
0 4 196
0 4 197
0 4 197
0 4 197
0 4 197
0 4 197
0 4 197
0 4 197
0 4 198
0 4 197
0 4 197
0 4 197
0 4 197
0 4 197
0 4 197
0 4 197
0 4 197
0 4 197
0 4 197
0 4 196
0 4 197
0 4 197
0 4 197
0 4 197
